Case 1:
731286495
486579321
529314867
193627584
642853719
857941632
965432178
374198256
218765943
Case 2:
146528973
835197462
927463185
459876321
618235794
273914856
794651238
361782549
582349617
Case 3:
146528973
835197462
927463185
459876321
618235794
273914856
794651238
361782549
582349617
Case 4:
146528973
835197462
927463185
459876321
618235794
273914856
794651238
361782549
582349617
Case 5:
146528973
835197462
927463185
459876321
618235794
273914856
794651238
361782549
582349617
Case 6:
146528973
835197462
927463185
459876321
618235794
273914856
794651238
361782549
582349617
Case 7:
146528973
835197462
927463185
459876321
618235794
273914856
794651238
361782549
582349617
Case 8:
146528973
835197462
927463185
459876321
618235794
273914856
794651238
361782549
582349617
Case 9:
146528973
835197462
927463185
459876321
618235794
273914856
794651238
361782549
582349617
Case 10:
146528973
835197462
927463185
459876321
618235794
273914856
794651238
361782549
582349617
