2
22
222
2222
2323
223344
123456789098765432101234567890987654321
10203040506070809000908070605040302010001020304050607080900090807060504030201
11213141516171819101918171615141312111011121314151617181910191817161514131211
12223242526272829202928272625242322212021222324252627282920292827262524232221
13233343536373839303938373635343332313031323334353637383930393837363534333231
14243444546474849404948474645444342414041424344454647484940494847464544434241
15253545556575859505958575655545352515051525354555657585950595857565554535251
16263646566676869606968676665646362616061626364656667686960696867666564636261
17273747576777879707978777675747372717071727374757677787970797877767574737271
18283848586878889808988878685848382818081828384858687888980898887868584838281
19293949596979899909998979695949392919091929394959697989990999897969594939291
01011011101111011111011111101111101111011101101
03033033303333033333033333303333303333033303303
05055055505555055555055555505555505555055505505
07077077707777077777077777707777707777077707707
10100100010000100000100000010000010000100010010
11111111111111111111111111111111111111111111111
12122122212222122222122222212222212222122212212
13133133313333133333133333313333313333133313313
14144144414444144444144444414444414444144414414
15155155515555155555155555515555515555155515515
16166166616666166666166666616666616666166616616
17177177717777177777177777717777717777177717717
18188188818888188888188888818888818888188818818
19199199919999199999199999919999919999199919919
21211211121111211111211111121111121111211121121
23233233323333233333233333323333323333233323323
25255255525555255555255555525555525555255525525
27277277727777277777277777727777727777277727727
29299299929999299999299999929999929999299929929
30300300030000300000300000030000030000300030030
31311311131111311111311111131111131111311131131
32322322232222322222322222232222232222322232232
33333333333333333333333333333333333333333333333
34344344434444344444344444434444434444344434434
35355355535555355555355555535555535555355535535
36366366636666366666366666636666636666366636636
37377377737777377777377777737777737777377737737
38388388838888388888388888838888838888388838838
39399399939999399999399999939999939999399939939
41411411141111411111411111141111141111411141141
43433433343333433333433333343333343333433343343
45455455545555455555455555545555545555455545545
47477477747777477777477777747777747777477747747
49499499949999499999499999949999949999499949949
50500500050000500000500000050000050000500050050
51511511151111511111511111151111151111511151151
52522522252222522222522222252222252222522252252
53533533353333533333533333353333353333533353353
54544544454444544444544444454444454444544454454
55555555555555555555555555555555555555555555555
56566566656666566666566666656666656666566656656
57577577757777577777577777757777757777577757757
58588588858888588888588888858888858888588858858
59599599959999599999599999959999959999599959959
61611611161111611111611111161111161111611161161
63633633363333633333633333363333363333633363363
65655655565555655555655555565555565555655565565
67677677767777677777677777767777767777677767767
70700700070000700000700000070000070000700070070
71711711171111711111711111171111171111711171171
72722722272222722222722222272222272222722272272
73733733373333733333733333373333373333733373373
74744744474444744444744444474444474444744474474
75755755575555755555755555575555575555755575575
76766766676666766666766666676666676666766676676
77777777777777777777777777777777777777777777777
78788788878888788888788888878888878888788878878
79799799979999799999799999979999979999799979979
81811811181111811111811111181111181111811181181
83833833383333833333833333383333383333833383383
85855855585555855555855555585555585555855585585
87877877787777877777877777787777787777877787787
89899899989999899999899999989999989999899989989
91911911191111911111911111191111191111911191191
92922922292222922222922222292222292222922292292
93933933393333933333933333393333393333933393393
94944944494444944444944444494444494444944494494
95955955595555955555955555595555595555955595595
97977977797777977777977777797777797777977797797
98988988898888988888988888898888898888988898898
0010011001110011110011111001111110011111001111001110011001
0030033003330033330033333003333330033333003333003330033003
0050055005550055550055555005555550055555005555005550055005
0070077007770077770077777007777770077777007777007770077007
1101100110001100001100000110000001100000110000110001100110
1111111111111111111111111111111111111111111111111111111111
1121122112221122221122222112222221122222112222112221122112
1131133113331133331133333113333331133333113333113331133113
1141144114441144441144444114444441144444114444114441144114
1151155115551155551155555115555551155555115555115551155115
1161166116661166661166666116666661166666116666116661166116
1171177117771177771177777117777771177777117777117771177117
1181188118881188881188888118888881188888118888118881188118
1191199119991199991199999119999991199999119999119991199119
2212211221112211112211111221111112211111221111221112211221
2232233223332233332233333223333332233333223333223332233223
2252255225552255552255555225555552255555225555225552255225
2272277227772277772277777227777772277777227777227772277227
2292299229992299992299999229999992299999229999229992299229
3303300330003300003300000330000003300000330000330003300330
3313311331113311113311111331111113311111331111331113311331
3323322332223322223322222332222223322222332222332223322332
3333333333333333333333333333333333333333333333333333333333
3343344334443344443344444334444443344444334444334443344334
3353355335553355553355555335555553355555335555335553355335
3363366336663366663366666336666663366666336666336663366336
3373377337773377773377777337777773377777337777337773377337
3383388338883388883388888338888883388888338888338883388338
3393399339993399993399999339999993399999339999339993399339
4414411441114411114411111441111114411111441111441114411441
4434433443334433334433333443333334433333443333443334433443
4454455445554455554455555445555554455555445555445554455445
4474477447774477774477777447777774477777447777447774477447
4494499449994499994499999449999994499999449999449994499449
5505500550005500005500000550000005500000550000550005500550
5515511551115511115511111551111115511111551111551115511551
5525522552225522225522222552222225522222552222552225522552
5535533553335533335533333553333335533333553333553335533553
5545544554445544445544444554444445544444554444554445544554
5555555555555555555555555555555555555555555555555555555555
5565566556665566665566666556666665566666556666556665566556
5575577557775577775577777557777775577777557777557775577557
5585588558885588885588888558888885588888558888558885588558
5595599559995599995599999559999995599999559999559995599559
6616611661116611116611111661111116611111661111661116611661
6636633663336633336633333663333336633333663333663336633663
6656655665556655556655555665555556655555665555665556655665
6676677667776677776677777667777776677777667777667776677667
7707700770007700007700000770000007700000770000770007700770
7717711771117711117711111771111117711111771111771117711771
7727722772227722227722222772222227722222772222772227722772
7737733773337733337733333773333337733333773333773337733773
7747744774447744447744444774444447744444774444774447744774
7757755775557755557755555775555557755555775555775557755775
7767766776667766667766666776666667766666776666776667766776
7777777777777777777777777777777777777777777777777777777777
7787788778887788887788888778888887788888778888778887788778
7797799779997799997799999779999997799999779999779997799779
8818811881118811118811111881111118811111881111881118811881
8838833883338833338833333883333338833333883333883338833883
8858855885558855558855555885555558855555885555885558855885
8878877887778877778877777887777778877777887777887778877887
8898899889998899998899999889999998899999889999889998899889
9919911991119911119911111991111119911111991111991119911991
9929922992229922229922222992222229922222992222992229922992
9939933993339933339933333993333339933333993333993339933993
9949944994449944449944444994444449944444994444994449944994
9959955995559955559955555995555559955555995555995559955995
9979977997779977779977777997777779977777997777997779977997
9989988998889988889988888998888889988888998888998889988998
000100011000111000111100011111000111111000111110001111000111000110001
000300033000333000333300033333000333333000333330003333000333000330003
000500055000555000555500055555000555555000555550005555000555000550005
000700077000777000777700077777000777777000777770007777000777000770007
111011100111000111000011100000111000000111000001110000111000111001110
111111111111111111111111111111111111111111111111111111111111111111111
111211122111222111222211122222111222222111222221112222111222111221112
111311133111333111333311133333111333333111333331113333111333111331113
111411144111444111444411144444111444444111444441114444111444111441114
111511155111555111555511155555111555555111555551115555111555111551115
111611166111666111666611166666111666666111666661116666111666111661116
111711177111777111777711177777111777777111777771117777111777111771117
111811188111888111888811188888111888888111888881118888111888111881118
111911199111999111999911199999111999999111999991119999111999111991119
222122211222111222111122211111222111111222111112221111222111222112221
222322233222333222333322233333222333333222333332223333222333222332223
222522255222555222555522255555222555555222555552225555222555222552225
222722277222777222777722277777222777777222777772227777222777222772227
222922299222999222999922299999222999999222999992229999222999222992229
333033300333000333000033300000333000000333000003330000333000333003330
333133311333111333111133311111333111111333111113331111333111333113331
333233322333222333222233322222333222222333222223332222333222333223332
333333333333333333333333333333333333333333333333333333333333333333333
333433344333444333444433344444333444444333444443334444333444333443334
333533355333555333555533355555333555555333555553335555333555333553335
333633366333666333666633366666333666666333666663336666333666333663336
333733377333777333777733377777333777777333777773337777333777333773337
333833388333888333888833388888333888888333888883338888333888333883338
333933399333999333999933399999333999999333999993339999333999333993339
444144411444111444111144411111444111111444111114441111444111444114441
444344433444333444333344433333444333333444333334443333444333444334443
444544455444555444555544455555444555555444555554445555444555444554445
444744477444777444777744477777444777777444777774447777444777444774447
444944499444999444999944499999444999999444999994449999444999444994449
555055500555000555000055500000555000000555000005550000555000555005550
555155511555111555111155511111555111111555111115551111555111555115551
555255522555222555222255522222555222222555222225552222555222555225552
555355533555333555333355533333555333333555333335553333555333555335553
555455544555444555444455544444555444444555444445554444555444555445554
555555555555555555555555555555555555555555555555555555555555555555555
555655566555666555666655566666555666666555666665556666555666555665556
555755577555777555777755577777555777777555777775557777555777555775557
555855588555888555888855588888555888888555888885558888555888555885558
555955599555999555999955599999555999999555999995559999555999555995559
666166611666111666111166611111666111111666111116661111666111666116661
666366633666333666333366633333666333333666333336663333666333666336663
666566655666555666555566655555666555555666555556665555666555666556665
666766677666777666777766677777666777777666777776667777666777666776667
777077700777000777000077700000777000000777000007770000777000777007770
777177711777111777111177711111777111111777111117771111777111777117771
777277722777222777222277722222777222222777222227772222777222777227772
777377733777333777333377733333777333333777333337773333777333777337773
777477744777444777444477744444777444444777444447774444777444777447774
777577755777555777555577755555777555555777555557775555777555777557775
777677766777666777666677766666777666666777666667776666777666777667776
777777777777777777777777777777777777777777777777777777777777777777777
777877788777888777888877788888777888888777888887778888777888777887778
777977799777999777999977799999777999999777999997779999777999777997779
888188811888111888111188811111888111111888111118881111888111888118881
888388833888333888333388833333888333333888333338883333888333888338883
888588855888555888555588855555888555555888555558885555888555888558885
888788877888777888777788877777888777777888777778887777888777888778887
888988899888999888999988899999888999999888999998889999888999888998889
999199911999111999111199911111999111111999111119991111999111999119991
999299922999222999222299922222999222222999222229992222999222999229992
999399933999333999333399933333999333333999333339993333999333999339993
999499944999444999444499944444999444444999444449994444999444999449994
999599955999555999555599955555999555555999555559995555999555999559995
999799977999777999777799977777999777777999777779997777999777999779997
999899988999888999888899988888999888888999888889998888999888999889998
00001000011000011100001111000011111000011111100001111100001111000011100001100001
00003000033000033300003333000033333000033333300003333300003333000033300003300003
00005000055000055500005555000055555000055555500005555500005555000055500005500005
00007000077000077700007777000077777000077777700007777700007777000077700007700007
11110111100111100011110000111100000111100000011110000011110000111100011110011110
11111111111111111111111111111111111111111111111111111111111111111111111111111111
11112111122111122211112222111122222111122222211112222211112222111122211112211112
11113111133111133311113333111133333111133333311113333311113333111133311113311113
11114111144111144411114444111144444111144444411114444411114444111144411114411114
11115111155111155511115555111155555111155555511115555511115555111155511115511115
11116111166111166611116666111166666111166666611116666611116666111166611116611116
11117111177111177711117777111177777111177777711117777711117777111177711117711117
11118111188111188811118888111188888111188888811118888811118888111188811118811118
11119111199111199911119999111199999111199999911119999911119999111199911119911119
22221222211222211122221111222211111222211111122221111122221111222211122221122221
22223222233222233322223333222233333222233333322223333322223333222233322223322223
22225222255222255522225555222255555222255555522225555522225555222255522225522225
22227222277222277722227777222277777222277777722227777722227777222277722227722227
22229222299222299922229999222299999222299999922229999922229999222299922229922229
33330333300333300033330000333300000333300000033330000033330000333300033330033330
33331333311333311133331111333311111333311111133331111133331111333311133331133331
33332333322333322233332222333322222333322222233332222233332222333322233332233332
33333333333333333333333333333333333333333333333333333333333333333333333333333333
33334333344333344433334444333344444333344444433334444433334444333344433334433334
33335333355333355533335555333355555333355555533335555533335555333355533335533335
33336333366333366633336666333366666333366666633336666633336666333366633336633336
33337333377333377733337777333377777333377777733337777733337777333377733337733337
33338333388333388833338888333388888333388888833338888833338888333388833338833338
33339333399333399933339999333399999333399999933339999933339999333399933339933339
44441444411444411144441111444411111444411111144441111144441111444411144441144441
44443444433444433344443333444433333444433333344443333344443333444433344443344443
44445444455444455544445555444455555444455555544445555544445555444455544445544445
44447444477444477744447777444477777444477777744447777744447777444477744447744447
44449444499444499944449999444499999444499999944449999944449999444499944449944449
55550555500555500055550000555500000555500000055550000055550000555500055550055550
55551555511555511155551111555511111555511111155551111155551111555511155551155551
55552555522555522255552222555522222555522222255552222255552222555522255552255552
55553555533555533355553333555533333555533333355553333355553333555533355553355553
55554555544555544455554444555544444555544444455554444455554444555544455554455554
55555555555555555555555555555555555555555555555555555555555555555555555555555555
55556555566555566655556666555566666555566666655556666655556666555566655556655556
55557555577555577755557777555577777555577777755557777755557777555577755557755557
55558555588555588855558888555588888555588888855558888855558888555588855558855558
55559555599555599955559999555599999555599999955559999955559999555599955559955559
66661666611666611166661111666611111666611111166661111166661111666611166661166661
66663666633666633366663333666633333666633333366663333366663333666633366663366663
66665666655666655566665555666655555666655555566665555566665555666655566665566665
66667666677666677766667777666677777666677777766667777766667777666677766667766667
77770777700777700077770000777700000777700000077770000077770000777700077770077770
77771777711777711177771111777711111777711111177771111177771111777711177771177771
77772777722777722277772222777722222777722222277772222277772222777722277772277772
77773777733777733377773333777733333777733333377773333377773333777733377773377773
77774777744777744477774444777744444777744444477774444477774444777744477774477774
77775777755777755577775555777755555777755555577775555577775555777755577775577775
77776777766777766677776666777766666777766666677776666677776666777766677776677776
77777777777777777777777777777777777777777777777777777777777777777777777777777777
77778777788777788877778888777788888777788888877778888877778888777788877778877778
77779777799777799977779999777799999777799999977779999977779999777799977779977779
88881888811888811188881111888811111888811111188881111188881111888811188881188881
88883888833888833388883333888833333888833333388883333388883333888833388883388883
88885888855888855588885555888855555888855555588885555588885555888855588885588885
88887888877888877788887777888877777888877777788887777788887777888877788887788887
88889888899888899988889999888899999888899999988889999988889999888899988889988889
99991999911999911199991111999911111999911111199991111199991111999911199991199991
99992999922999922299992222999922222999922222299992222299992222999922299992299992
99993999933999933399993333999933333999933333399993333399993333999933399993399993
99994999944999944499994444999944444999944444499994444499994444999944499994499994
99995999955999955599995555999955555999955555599995555599995555999955599995599995
99997999977999977799997777999977777999977777799997777799997777999977799997799997
99998999988999988899998888999988888999988888899998888899998888999988899998899998
0590867314440789736757478365240069710911623452732986097792293132642522745209459608599889744729831246716979354653382852733506248094997796254900240039634065534960860163371014266846691519043154885023238759799856201012674026664476101346041788113651687582799819
3814579964975784981995263667061748922521437676526000691966576943087168439634315496168028342087011074983807485749117425447449956660122637448800213514722430895993636048293736225735017195524181387519495557656941961068724609016180260989948417573465214435603169
6294879241957826795678106190576071835139675636753439355845019387646428052470790666485395147682654040285396590648550688078240541795029008379435239283965983714768084938917336383225962379100227791940643604246933301571347827568950228610281940016368702539613017
3575981606082957884812867828439736008161723654448554633299251710011700125003445124882979149709290126651624409756138605502791955760426120949399465139531972861281339618979656797194193157295011322194680454987086065951677422302570585599972611970974573642038774
2235815101268577453775450994119097298245597812619205231212726139250929446281020176050634743605641571263762532046787238263633508519835881738928808244356581908670387526656798550088925575638209898207721756515056741140603953576526843478531589270622568224064260
9615965616797438620861911474440887379035317070260088959024289841439443540276991616417829785158242357378873865622764875751238272449856627306289732156966850106204685534112792992755034712901693032630194900696404143098549111107905841717454656434668055111938506
0110888673339093791608558523847582581229103610119529019006301440684963037958231884098707560399866729954187552710852740808755229494295346447453914621945861605939098813516010996689247118747517124060973032686389600489533358749453166388383143138974082611325294
4646530971641317582762466433128477856260437674589392439817744605200123810163870954463150708631823753046615683466693521112988442635406289671596123738014646970944864727812512193528291536646749198043117000361573106759549517651683012663000234896724733764983077
3109066946464228519907481143871192462912871212152257737123077450947682905367123114884437300996267813039360370980067704282248516203047391608946769028816595497371771223776372773855360166417754470332190483579546158586007166645687855501267985636968946825315303
4967504685110244409601900002538219435722085613899696297702554696368024629952186486239689588640256649663762641212246397751825909390074958852687793101827561814422569375477658997421373142594390848328769937694252010966859908623497553434132452595056515873229843
3243410242593129838722939098719689180762413635048322055796212641999976970952095052335960343441655415711612194304253370235580377145573836901676392472865912994014849254851794910578873543588008838953382943262841752695185145897074954075631923637661668750012174
0948029585009201411514616188408302136916871813477763319378877608570832073547855872518469913988259417310303223846275139522875386752559553719994280828456621205623018180591572776426620521401892154486701637981585990489997988965728838754310432401543491064630260
7322579038484842706034133612143871169322945051760812293785756730593835433687756100363059317808456862806093596352468700038671694240760831756179492733216830384918008976055058594977056365430680504072347677578354078892815557943578738823947167303373240523668926
2426255812314544397557700553228936003244173299333819895723448975966951388834941134706358917769972746038557068242727369589930065493363202644884299245829609947561391072270797161413783989313666217609194769836320772164445953195790357162044064065293591412515895
1545963757357119184931063283553079096852351079923758133010763186105255883050288896935961572118325136287244995636351784479113606068322547833620221310745490489012557529542551329124712503755190083531377734803813711759111338161364011841143598469605160994903853
0497031316067055699430806553570803103026903213296647639250540966706210116027451460996427776858348168905314264538774697550480792930315087405199289227938903938224225409606411589852160149462125763796874558747625499465911735707501506016856425926539975343551945
7673386469202918242214725823087964771090617811001828691869867143326554230403710794394638930519328926353642371266572690482404361129756804470111518117533352699677074973040717524747855160861729991307251880932389873426981542415419760953979114288757840285977461
7136420288138977636365350944582019306132051285450565556665779190731478705231198550527795974372383752623387882992305013715923539768375988942008394892561125078524886003508731782071684362538155843775007270034794119090415602895045008698132449026849273326884514
6056732703901671789023215210807756816106887664743516290855852799558234186394221200200909310610709844034899373410766228023444582154564671341641763960522096391125990149681233968926880160238465829682022122881982255163433007683645247539629738760637488296878044
9274288295627864998240016960255885605590615824974254630952633461211775028940488614039222959343930847390141640968250827074493476261243915377511521017938485867750191052069355788632951566659859831617825564767233693971149068695213563106564285042514774575468302
4155334836493146807328349876734223608310019022908649570586717024400559117553515355870027911662195099122096351898697220324133689292056918462150575702811492108062085036501579743951106508306259767605854657332621153688551895996270082085067758644328365026589699
7095817779832861214385840377657506316463727620513724278929642673867261072751096543891159491628357893917102862195600619649336443085459095418420042816241962725411210380405675781284436540987025363534895487678574232476871439744128040344254681186342570208337837
6618841994166265405207207567946895141213113482206109490331381639000369347940676791807776615505776389603360119823886254393473158371099917045601846781260173412260480814366975995554081343037232815747653009803578472215221032354794314014339974289638003795729127
3184735421187144536342956297821976031699955666413494172997364032697986789368147657644067688431536311695695426119655817206304721766682082635732676297088386913191972771188571398869056307252976260305454951723169752126733897512956551297218648347444470015359680
6084695644493148703594791949064265242085989444040073430724026821471824854617720665621261620518343197778565763973038920992382175315825426930190857708817633837560753423400231578733366743147162194398225949196451210590575621944781255314329077307966409162876516
5163345520058817913471252620513487639459813088511734062844133203870520137699623517410374444599146921302851412825222185269667928663044125560641203263678008670514409721746791990844719133742390934060642295256465038201503820858329134069440328647912574087866860
0507274013902534682577021356676340101755059428526003982459430714691963458824874751179393648233326712350738323557927140351022874672037405397647623731746677947021415835586739331548502339040100584477741870081572574675413463450855792708203475909804343259652780
3441326896147578215350728466977639762343007648798046606643636719240205148822335449704640845174505812269444950411165759257915445231316384561962152688185566486454620654833499195831408934079284250806940060146312216808693882884447638487137760163664792512445559
7144080597293673840054185734284312310313871005845738442402935986421785169477785465103266887801685282427950881767176192360110241682799963894155778995753173962763356786955177331049057374334476072976352110978389258740907636818229717454818271263573049064367037
8388198518854437951459692615063824889709617685284359106250282168962389072859682157901305025085896086977429530095533311418478972394924677088879104809116342741130513016515711316930104534721845164307777786293853539753731719290272385793971942506771096121397585
3626020681568764786949975167998261477641583605619830624090147747371062156100489789794956029368851270929139025131163788929357161943147134825602771374940251690904407710433677974086174754489681592912938426405662253785073350502854200494322053108041481699781046
8917330407989464313420538457817588108471735069948423082949345752952282457580174921119250662423457400556037572641584363895944537958532996573180351480901264355631031844936519432159965116292195632862123032504974825030067353184740086777289786096053512914314918
1233017508695289204208489568918815391087179009397348506903402196730992342173153233940289462707212386294360067919211126326865566228377855126919201781636011214008826583936917865600872550915181240247388965934763785620613325130598101584548051538257385145034036
6836363443450989030543864620103572543685181603701507404318743289133294567115081667647384046394850936264210936987859411286805294099175351974014620836412904218089374857032811421582840559918719857218980149273367805733313762788152629247655149796507334241804781
1994717496724546203185569018023666676112617005836070209150575224928419635502726305882356028037089725777546005023228296313124827648968066769466612004203354741512534849758397825051259973024531981000783593065072625353925543802503807988594236638375045318895111
0432677157342402560486370588360801270922075603821431929768676832741537336564525379276619015593004725941625752193820657041871081939849641271325092573647163422942461127694711046125742995541207545511174627108622749780817100831181304854595367311217058674469271
1671945938697537791756433213433922789306069023892359821023319633926699205271072669251160615338842193753675821663473000818010572929024967834973469467250270981377211234473837426098946533514090851103971415116318083056893392409897802633262616311209266391573949
0539450808659114326590976767158699910914475860163166681099852458533898949815293845836122633009809015858525910307294261720932987964831266246250667972638047904642282754913915464768617191419058809916678937419389868263301313403863011990583125255392177460515888
4491908169562292877615163689939174362108471842510045163032242649736354862220526571405687695509801209424870443657478468005577951335874320151327993247485856016235108424419337087493484537875686941801014522879789782539155312431261355661822274557756126002982770
9218026944384213028655842351404628855048123266761772707008565389619258093862306387686816096060234255518120310583163871715208904889839717147589336153343169915268756536699815887545898178304792937075803094966898748180032333545272771944857745115842399319718034
8328116405299779435978629802541203803098755486951975027487844336463672918615629183015958476462855039521824043087324656000883836672286493918832168854792716058350263231558759285644321130727388123832222656365288080992260543105036636861312058275220844633208543
1664060410437202965830918534682108814808177240468450109019582951040759080811854811579789838367439888225137152370536691994767249083887394924492137709791509087327855685222111095312796358236708421285227686891799502231672248377324574614475995913374637544283597
4329533351100880774049717292337257791678903822237449981357539301829777969340715805592866670496296786093027442822337508685820465151272915029117999679307458781950827963608231634461920960050111433399404174852903724265958447925790393353304827676326002882253219
1301817179926587847907254124330910167710859262264926687180072760646467610564748182563850435170376794802737357226503989177231594984933015679720221926766855626225708099522913018390039188385389581382290946962170240018542042787392219032461996038162959231829588
0244701008693743690684422439449088430126253860157341785562911155097123419355808174524397895311941960170270646912500185018354761597719948480622468432194662329658372385068775432044828145964081774355471689949656768308210472877925347919406083538238930952937848
7728913169035240643084789143900883424156689870340275501951879593418106971931045426755374671210746780512564973862975154784112771262126664050453438727695159396948265860287299835591226101467831418261652037419226943939420631475905186166733350092424703004952998
8104087580348131918545002725647526637572255832711470069103464218895446846708774646112862213138584972842270646326413393892691520052941641183195616412269369673319295538543159491093517945431049226650481389858235241429148878845239080845038247294963616741320259
1625722443360993783123695857058417985846117415803505709505101489644944707202771756192805494885983048279183751476862558367184456229528547319780649100048550533388665818609191457702520903570675798204464799122963509204538036875243027128139734352953443031138725
9179410071898470795092178988931138772817149695016122385278607041401142479219400726387972642604541829829231624386487163415505865662555826318407401421614827818489106782047673018790676963509153778463387197789150343433668485757821329255562885211415832158621753
0019980154233734860312593874839262537859971619255805263216588290143821652477949820426734884906764477197015971082223308144242861594958355644611151975437018021474510121780379872225867587826164962118765083291052049185644428743236888817023572659643387340607099
1298066155109353273937218970320469487021915251148912321689759471126323581288125436227627284263575293590340400770418965606070974105913591815970766646076867760802407457844157676173418628248178450504136218210063543314432665914696248558928441921777716663671102
6196958054504071862431869482269388416415161071197995982629698244917909860464454298074626809334373309866432533468016276155537586558306498605947768593340874869175299761324273005860120244199156694999397114528851563200900407190022794225073358085599525916449862
3452448961472060331476962159024673740133855631722436064416752282372448508497631366693114047792714575678326062270389291629394539801885938634403776889781389725524885043740571883192737408578428340264970506563944484095160086106578553302974282285669250618518332
8651377380013308908512325423331737397107671691036865166112835343977004811137304190620915603099554393483263537554306212030893324099872377542678597794199576934913722796626753229415740682689890778652555810011114940879254573036575851469579577547839686755556873
9753277880749229777611454167014686562935467833229387520788832770328958894964147894664410003113151503169333640424318281100367878420499853903774447268796585473208574632771057240787646826161608245443769028638021730566482958210923376238852222041572431483906345
8898307893140824268645953878371425672531617677234718426385706356161230704922667288409486862298368576133807775790191466449586489137677382377933229377380296590074868988597537260274275002116026621398126264961247290754746354662743732311141557008326122068715319
3166711390878322896162578360000504023625159716561453906395425541902213207991412554472367060205762456246517886814388003351861681181404289446204874478789041836483433730891573866929948461633197477760523517503035316005378173490357674458440446566982373179401610
2322807553615717485828889816643673841099181712532650940558720324548775130311377150399136760723941024050646573946588078844262554754489423818662476622619234283174769258111817085033754283678907147989114149276764516073268124878665773111069179604294682455259366
2227582632969057502089420494100317332403515714165165084328387118597859897166768822746030140686609848910542240838317477332934140797266366209575840993272302186729580761154931041746909649588521529777179401292176412446828509582060573740130868668222875580435688
5747070589576518715141905365875266123009971314138384942684451515492239197404403078389063345665264852720096513752470708443235559889239680437917625442469119427810396063414793723004458453147399239464613075767861714746698587592412640427253533320328446006086530
0729388785054536700722114493596807211971964332884021900695738274011372764618806830707368351541413046997525280088284765771856184654398733514006393356825324348266804593518457555111460235034265881011652303789443937755742324910852048504352406240392915893358491
5422842082085697271216293149749106820344490354811778088699235849600612007611772960592192575054019962447833995757667526256311852483199990542845985843056091730471655223154175156205079618851435985801441353496412877743528939764884766851823536981646104911366341
2148138831909657466752436441068213658304476756046595728480251621045250730689831938311419755575632170679575226573201515160329883336326092151375786117678628213984129144074115110354512050151835155794048398090948079854450554262956821439482229383260713644729305
9726085712713164493311969514363391529132026550975253308492546018084335678600678636724590574977614943196182511243658510052402287564385117763998330036287239592757567570779051374428744632504846307121887480501773911266206396438791827512549392861319268101531672
2691195599830404925477482466857406922760678970142204066617681855899991901830949664583307350492875741746456842773299997909641356151796631050606536727701784265972934490653535335951233418849616630175469690101269231933700153688309380649236029101751251413209182
1771019830868629138678627392538825414046118136137509186387180223619047964115900356266087930109862515714946777819763904255988722244391680860825809671334375784680284164631515517843645438473136296516634368852687811125192442681743028300731790969267424574279208
6290107968541982881598172430739506867872944917861538324363982460472107460121636511412816998289466239227215662127146323588614195016757940409192043544914342748051037663351093719306436094910542342685893188054818119902546085219951438049970247601279379984218933
7016311185551582690805753763242899411602598957476835248934271789431980719722475041631955131684889241683313175475753304462477188421724887575178670890925659045420575133472393356459581437367992738675810698589982893236208483541029155616089730985257704403060295
0712046260216213209025698271729571360884990957055098381172974753044806018198392077814183717766083433395203080917131291755134698828483848982421490507306464318593107641244593352447317217860386076824253869789393410661854468585686993713144449582305135192134565
2251108825440315196144081567826006714310526139106961563389676950629920309153587711287822911687426077382174935801966074863153841397864302376825642692352059855704770369766857196198542095208240046796427667474061552953322231973430252850883510026753260414145787
9491210554765198105146940241193261303704090591153904261687035545168340961185840163884073759316894284978260407131966893432204665781693037125920135368097367491334488439446153305024671855173431090161306759257094036308928871103618936559330059958453630129709052
4773762715977634736443289874932584028754850577924069147816526386179001630268812335073177356914615384050548110927775820388142756550254971855975539087621578912025610850628735723957439637354241738990521587723410472936676854983486573720753961116483047689593508
5072490459294815804745836188471037294592802957013417769458085716170389991650397477599798922855814172046075609681850247009125508867475198490257707578060743667238939948581655747259324819087421944046534633504723172817684857657700475867418634274130794046263420
0768919748824953613594975674908593547220632373029958885224701735995109493297774843970403340990776744779327554133078884999226551491862456240822920022418834322863103690447191166908371258329735076869175059230751076421948284281159743520909143512310721110216957
5700625167707046880050556191047422753070776325498085189443706666911863120465805303781247188276117566727039609665803233204615707686821539217544736595011601541332778378807315520078967012584721021430798702691681858434794264223303704257226438974606518413456851
4441535262917669313995843885414863160219922344325808989411409400966620309020880117988118909069345396539580530329884036912515674711498074521973132441056616009524420823523051300989418652439791181802910170103474734163149621479565840834681967837680607924202523
5761095605074141546571002953717700871645514304716389239154337027363110436438915447737351545560308686894942685075816853041736899747759660176890625938542921316695896309264717543635861850650977195153765188582454631711687824935955229710734616155912072808379186
4524763130606364159236101421672475087675358766709558577508474838120838556755611445996023327606789229246276750185295766911897829738932949700628629645521116015824391295566517361184611026784620669726302822252749265220659835947616107067451343399144889993361818
7468373936322088884676174764783957438999142388678897179922037056735053059969092191351088925643903453378725469821569325456704338753540263687385071111953123816251903243724451743677566005389412401594767650093373123008165913791808421766174892091746914991997382
3386442277735157030519439658689428916361492324460278211555732409750395548186569749127117182530780433925457310151902304146306182064703620655997238418510832391958176742864379395579939283058834013427384346749506861859387954193612608047485561777052163446793220
2301704180453359421469710542866129945333834964273741939393428462835259969530160585440751526696594149645555049002551531619243539812706366448630066520764897209106408016584953554468759685617804925055772327506410065945077177582050120874426273417680774725466553
5619810749280436926664966298137720050373864360222781131304567195626073499539873015687472724939393919615242134688111118563088365067793437436549970575145886126919416936911835136996202421357718923270497599402045141774045742650224811735965528474145463071690271
8357142046546652717568441157032878020465296564713212411010986579646310756769019069276049320534594559028514407536322399413311498994554138541925739848853954589204995482257597554823215603308506451243412201831563205080793960296163419474278651336135214358624585
5632678409355795966949864521337577277857772744362251595211806736603650865486598167059925922832798589394428598204947122186997851548591590193808985594814769092415589196731999599315581449881166407715247213310954684055711563886359195149731928098413247962581728
4478737791633419615261737051684640743485762966795938711063937165286054941058947973686990135529597777196353861386301789086250649117764471977279149481023992570604977877151091995846550046690135197540248379886764984035963904276765194926952415098629194829739690
1934209216646442840364952187285561730647998385600425035821298509017574882437862465622679777083703438202231174810054322713177574628649377628571114978007687435738486621012357937144905442334189358515480969605658900768615153690549612283845180950135945117725524
2495535271562989091352659880162100916393962989492080712630275130636353433683657405663667353228766640879141023740071013089548746275658224854564118044472294478161810965358737574415275606755881964465047432733081060732697371168557377980526475252711912890333489
3837231770375007963651030156895890265789540185027787750410317317617491750282350355416500399541389448861436114206887812434284197207613480081628264163856803107776919413156291192085464202022073052898058054358923980907729550994256173253023182630021846547232737
2576189763493222158137507400916537056180272905962758634563206085886127802898156347397249392095261052957986063570080099740867329476216749093017845853021476060823163774474111614752871802289645830829891802482334586437113119196428248098732433977633219809886251
4480712200622120207979488718145688104354600341733814812981569260669526163559283481300613378554806842570044594464014488669566030373004428128390699700529967148652193660778751249048959066537051322335038910245560244482873921988616486758579728635191840230014389
5760862864188177696418889057886989755766464725146663178793104247763464678943626618785394734557832580620671027426859609373653677729445724564320240671932932585764604394895857003753766445016559736570430368773815520912205288068870504487038896487366355518249184
0541904197196453267438116781145526967262018967637908258330248036706508416902531400147105194873873318230147138510746262600070803936206511353667048929916167430971092296037795201020479681487902278746447408310807383199935021250882821162589901769528140097189438
7001678670875798732107115671030810094232500167064901630586795890573586531736296500550265177996610523607415841006566851334190578025259219387673172616941070975166114925135555642102043485704570842973042019064314065385759600062103449269866236267818931946139790
2183566453289772583867054189797997813626144749610894950661250847390883402177234376373676597849692163149744392756973234023771986078534710276138719702968465091219767765073255848297214207164304878020345765861798383432105096202713308214645949821226444228305025
1386499398504239338280047242391864181686536500545675812695654200991163583707545600960779633209491395171228481810534855155286755244337376640983763689338890078670133077868171648347181871073628160492308977957720947620079451292745602913514072720988297113938371
0424911945718460024128342278888709172312386788172770816672919992966185851246344026509547459920041291808974710762702585654687989797182055013403561198835900961280044903544393401494795675058410145207793355758279269911695078763567018294079527808192074933818819
7586467825035324635161745982947704726948346748949867796040012111129405012816675312266028220683660003458089807250349584744123896708387922155236932680827173286333222223622659887128726674723884417310739029860481147963781677369735713129954814848088301280664744
6125715622465067280449630679822872457332076384634426258664801990988606121039818950858487064547043691518599558578927923297666213914776426528174538135248362329988174196604733665091611034989080885320552095601334107142113627793838591980867947104420796502695364
3011479357520043511336957589597333040978208708889304490811561500186320468685777462011113000756825257922899201846034954763419403903919249112557848807676839907399509096386397473387853812056179765967145378396170867898237022587828050629226864666798943075801278
7316129658730140700912118665314286814806282920271955736755008923393038144606707638238716240490804082195728751354657559034970536842350721121248417756475062818424111766409670816602362496035123173514728184112969720489669203303854116304923916628933692558733914
0
