0
2
2
2
23
233
76543
809
91019
52627
39383
94847
95857
16061
78797
98887
99989
10111
3
5
7
101
11
21221
33331
4441
51551
16661
71777
881
99991
21211
23333
5
27277
99929
3
11311
223
3
443
353
3
77773
88883
3
41411
33343
5
77747
94999
5
51511
5
53353
5
5
5
7757
5
59999
16111
3
5
76777
7
71711
72227
37337
4447
75557
76667
7
87887
79999
81181
83833
5
87877
99989
11119
22229
3
44449
59
97777
89
11
3
5
7
101
11
12211
33331
14411
55511
16661
77711
88811
99991
22111
33223
5
72277
2999
3
33113
33223
3
3433
35533
3
77773
88883
3
44111
443
5
77447
49999
5
51551
5
55333
5
5
5
77557
5
99559
661
3
5
67777
7
11177
72277
77377
77477
77557
76667
7
78887
79999
8111
38833
5
87887
98899
99119
22229
3
44449
99559
97777
98899
11
3
5
7
10111
11
22111
33331
44111
55511
16661
77711
88811
99991
22111
23333
5
72227
2999
3
33311
33223
3
33343
55333
3
77773
88883
3
44111
443
5
47777
49999
5
55511
5
55333
5
5
5
75557
5
59999
16661
3
5
76667
7
77711
72277
77377
77747
77557
76777
7
78887
79999
88811
883
5
78887
8999
99119
99929
3
94999
99559
97777
99989
11
3
5
7
10111
11
22111
33331
44111
55511
16661
77711
88811
99991
22111
23333
5
22777
22229
3
33331
33223
3
33343
55333
3
77773
88883
3
44111
443
5
47777
49999
5
55511
5
55333
5
5
5
5557
5
59999
6661
3
5
67777
7
77711
72277
77773
77747
77557
76777
7
78887
97777
88811
88883
5
8887
8999
99991
99929
3
94999
99559
97777
99989
98897
96497
92419
99251
98207
90353
97303
89671
98563
97553
99401
99139
93229
95723
99563
99289
97609
92353
97387
95213
89599
97441
94903
98869
97303
99623
96527
93407
94777
96821
89681
96053
98101
94099
97583
71081
92669
99109
99391
97171
88547
83773
99679
95923
96017
92269
94543
95857
98893
96211
92177
99761
97813
93491
92297
90191
91573
99181
97859
99713
94439
96059
86117
99833
99991
87811
95143
95747
99371
96769
97367
97553
95701
88499
89443
99223
96601
97829
92203
95419
96953
94169
94559
99259
99257
85711
98909
95413
95261
95261
96487
99017
99661
97849
91163
99929
88301
99881
94307
96587
